Car_ID,Brand,Model,Year,Kilometers_Driven,Fuel_Type,Transmission,Owner_Type,Mileage,Engine,Power,Seats,Price
1,1,Corolla,2018,50000,0,0,1,15,1498,108,5,800000
2,2,Civic,2019,40000,0,1,2,17,1597,140,5,1000000
3,3,Mustang,2017,20000,0,1,1,10,4951,395,4,2500000
4,4,Swift,2020,30000,1,0,3,23,1248,74,5,600000
5,5,Sonata,2016,60000,1,1,2,18,1999,194,5,850000
6,6,Nexon,2019,35000,0,0,1,17,1198,108,5,750000
7,7,Scorpio,2018,45000,1,1,2,15,2179,140,7,900000
8,8,Polo,2020,25000,0,1,1,18,999,76,5,650000
9,9,A4,2017,30000,1,1,1,18,1968,187,5,2200000
10,10,X1,2019,20000,1,1,2,20,1995,190,5,2700000
11,11,C-Class,2018,28000,0,1,1,16,1991,181,5,2300000
12,3,Endeavour,2017,35000,1,1,2,12,2198,158,7,2000000
13,5,Creta,2019,22000,0,0,3,16,1497,113,5,850000
14,6,Harrier,2018,40000,1,1,1,17,1956,167,5,1600000
15,4,Ertiga,2020,18000,0,0,1,19,1462,103,7,850000
16,2,City,2017,42000,1,0,2,25,1498,98,5,650000
17,8,Tiguan,2018,32000,1,1,1,17,1968,141,5,1800000
18,9,Q3,2016,38000,0,1,2,15,1395,148,5,1900000
19,10,5 Series,2019,24000,1,1,1,18,1995,187,5,3000000
20,11,GLC,2017,26000,0,1,2,12,1991,241,5,2500000
21,1,Innova,2018,50000,1,0,1,13,2755,171,7,1400000
22,3,Figo,2020,15000,0,0,3,18,1194,94,5,550000
23,5,Verna,2019,26000,1,1,2,24,1582,126,5,850000
24,6,Altroz,2020,18000,0,0,1,20,1199,85,5,600000
25,7,Thar,2021,10000,1,0,1,15,2184,130,4,1200000
26,8,Passat,2017,32000,1,1,2,17,1968,174,5,1600000
27,9,A6,2018,28000,0,1,1,15,1984,241,5,3200000
28,10,X3,2019,22000,1,1,2,18,1995,187,5,2800000
29,11,E-Class,2017,30000,1,1,1,16,1950,191,5,2700000
30,1,Fortuner,2018,38000,1,1,2,12,2755,174,7,2500000
31,3,Aspire,2019,26000,0,0,3,20,1194,94,5,600000
32,5,Elantra,2017,32000,1,1,2,22,1582,126,5,800000
33,6,Safari,2018,42000,1,0,1,14,1956,150,7,1300000
34,4,Vitara,2019,24000,0,0,2,17,1462,103,5,700000
35,2,WR-V,2018,28000,1,0,1,25,1498,98,5,750000
36,8,Ameo,2020,15000,0,1,3,19,1197,74,5,500000
37,9,A3,2017,38000,0,1,2,16,1395,148,5,2000000
38,10,7 Series,2019,22000,1,1,1,15,2993,261,5,3500000
39,11,GLE,2018,26000,0,1,2,12,2996,362,5,4000000
40,1,Yaris,2020,18000,0,0,1,17,1496,106,5,650000
41,3,Ranger,2017,38000,1,0,2,12,2198,158,5,1500000
42,5,Santro,2019,26000,0,0,3,20,1086,68,5,450000
43,6,Tigor,2018,42000,1,0,1,24,1047,69,5,500000
44,4,S-Cross,2020,15000,0,1,2,18,1462,103,5,700000
45,2,BR-V,2018,28000,1,0,1,21,1498,98,7,850000
46,8,T-Roc,2019,22000,0,1,2,18,1498,148,5,1600000
47,9,Q7,2017,30000,1,1,1,14,2967,245,7,3000000
48,10,X5,2018,28000,0,1,2,14,2998,335,5,3200000
49,11,GLA,2019,24000,1,1,1,17,2143,170,5,2400000
50,1,Camry,2016,38000,0,1,2,19,2487,176,5,1800000
51,3,Mustang,2019,22000,0,1,1,13,2261,396,4,2700000
52,5,Venue,2018,32000,0,0,3,17,1197,81,5,550000
53,6,Tiago,2020,18000,0,0,1,23,1199,84,5,500000
54,7,XUV300,2019,26000,1,0,2,20,1497,115,5,700000
55,8,Vento,2017,32000,0,0,2,18,1598,103,5,650000
56,9,A5,2018,28000,1,1,1,17,1968,187,5,2600000
57,10,3 Series,2020,15000,0,1,2,15,1998,258,5,2800000
58,11,C-Class,2019,22000,1,1,1,16,1950,191,5,2900000
59,1,Innova Crysta,2017,38000,1,0,2,13,2755,171,7,1400000
60,3,EcoSport,2018,26000,0,0,3,18,1497,121,5,750000
61,5,Verna,2019,24000,0,1,2,17,1497,113,5,850000
62,6,Altroz,2020,18000,0,0,1,20,1199,85,5,600000
63,7,Thar,2021,10000,1,0,1,15,2184,130,4,1200000
64,8,Passat,2017,32000,1,1,2,17,1968,174,5,1600000
65,9,A6,2018,28000,0,1,1,15,1984,241,5,3200000
66,10,X3,2019,22000,1,1,2,18,1995,187,5,2800000
67,11,E-Class,2017,30000,1,1,1,16,1950,191,5,2700000
68,1,Fortuner,2018,38000,1,1,2,12,2755,174,7,2500000
69,3,Aspire,2019,26000,0,0,3,20,1194,94,5,600000
70,5,Elantra,2017,32000,1,1,2,22,1582,126,5,800000
71,6,Safari,2018,42000,1,0,1,14,1956,150,7,1300000
72,4,Vitara,2019,24000,0,0,2,17,1462,103,5,700000
73,2,WR-V,2018,28000,1,0,1,25,1498,98,5,750000
74,8,Ameo,2020,15000,0,1,3,19,1197,74,5,500000
75,9,A3,2017,38000,0,1,2,16,1395,148,5,2000000
76,10,7 Series,2019,22000,1,1,1,15,2993,261,5,3500000
77,11,GLE,2018,26000,0,1,2,12,2996,362,5,4000000
78,1,Yaris,2020,18000,0,0,1,17,1496,106,5,650000
79,3,Ranger,2017,38000,1,0,2,12,2198,158,5,1500000
80,5,Santro,2019,26000,0,0,3,20,1086,68,5,450000
81,6,Tigor,2018,42000,1,0,1,24,1047,69,5,500000
82,4,S-Cross,2020,15000,0,1,2,18,1462,103,5,700000
83,2,BR-V,2018,28000,1,0,1,21,1498,98,7,850000
84,8,T-Roc,2019,22000,0,1,2,18,1498,148,5,1600000
85,9,Q7,2017,30000,1,1,1,14,2967,245,7,3000000
86,10,X5,2018,28000,0,1,2,14,2998,335,5,3200000
87,11,GLA,2019,24000,1,1,1,17,2143,170,5,2400000
88,1,Camry,2016,38000,0,1,2,19,2487,176,5,1800000
89,3,Mustang,2019,22000,0,1,1,13,2261,396,4,2700000
90,5,Venue,2018,32000,0,0,3,17,1197,81,5,550000
91,6,Tiago,2020,18000,0,0,1,23,1199,84,5,500000
92,7,XUV300,2019,26000,1,0,2,20,1497,115,5,700000
93,8,Vento,2017,32000,0,0,2,18,1598,103,5,650000
94,9,A5,2018,28000,1,1,1,17,1968,187,5,2600000
95,10,3 Series,2020,15000,0,1,2,15,1998,258,5,2800000
96,11,C-Class,2019,22000,1,1,1,16,1950,191,5,2900000
97,1,Innova Crysta,2017,38000,1,0,2,13,2755,171,7,1400000
98,3,EcoSport,2018,26000,0,0,3,18,1497,121,5,750000
99,5,Verna,2019,24000,0,1,2,17,1497,113,5,850000
100,6,Altroz,2020,18000,0,0,1,20,1199,85,5,600000
